Img 2021_07_13.CR2	3032.4146244565836	1630.9144138000959	3060.7414172061035	1628.6482703801344	3082.269779695739	1627.5151986701535	3102.665070475394	1626.3821269601726	3130.9918632249137	1621.8498401202494	3143.455652034703	1611.652194730422	3171.782444784223	1605.986836180518	3197.8430941137817	1605.986836180518	3225.036815153321	1609.3860513104605	3259.0289664527454	1611.652194730422	3269.2266118425728	1615.0514098603644	3278.2911855224193	1622.9829118302303	

Img 2021_07_15.CR2	2847.4986913937473	1716.6584831841765	2875.374545350833	1698.0918626480607	2897.056147673809	1684.1672679143169	2917.19264277826	1673.337213703062	2955.9378765236074	1664.0542537056297	2979.1801754171297	1656.3187665535618	3002.4007998885904	1637.7543313383555	3050.423982913134	1617.6435753679461	3081.4311816884497	1617.6437424203034	3126.362634588518	1603.7217382823874	3166.6601884704965	1599.0815000399543	3208.5004094859914	1591.3477222952024	3217.8202982135795	1600.628968828268	3242.626166328049	1602.1760958064106	3278.2761756664754	1600.629660506348	3284.5019327329987	1613.0043351814868	3300.006183169687	1614.5512680239854	3320.128721282538	1600.6301393429746	3365.108884789394	1614.5516904218193	3388.37839864246	1623.8325237094323	3383.747635382363	1633.113261094322	3394.6170105205706	1642.3940306246584	

Img 2021_07_16.CR2	2812.5995717661717	1740.4283290503722	2847.819257685687	1705.2667810453345	2916.5146333683165	1673.623159537409	2930.6075393456185	1670.1074628788092	2944.6947234053564	1654.2845256206	2972.872399573957	1629.6713347137647	3013.3943514888897	1627.91459315325	3064.4797804955	1608.5763048142283	3099.7175485158023	1606.819161314541	3163.13754384311	1585.722474411175	3215.998206959256	1585.7237324898988	3260.052835457848	1590.9995294151622	3304.1096220373647	1598.0337429239212	3364.028315683218	1606.826920606604	3402.7969893066124	1606.828058726949	3439.8052614903568	1608.5874969337267	3478.5842344792354	1622.6556734561873	

Img 2021_07_17.CR2	2803.4794090929945	1734.1547207976419	2839.597897360532	1705.655029232214	2875.716190426856	1699.9527476235235	2898.5278234687185	1677.153516558107	2919.43844936991	1663.8533574816636	2957.4578066935997	1644.8524287618036	2966.962543852549	1633.4530518558634	3020.189956287596	1618.250231583999	3056.308772549575	1608.7481583261497	3138.052189186344	1591.6427409560263	3195.08322083619	1582.1385336193055	3263.5226667262423	1589.7311261861605	3312.952675864373	1603.0250546307166	3360.480878766247	1601.1208219513971	3444.13277478505	1606.8125348707792	3510.6745363054247	1604.9065281272085	

Img 2021_07_18.CR2	2804.807456333063	1727.3709132186527	2849.356720362958	1704.1294641844217	2888.0930917765854	1694.44543076423	2895.8447205183365	1669.267588624571	2959.7653088363645	1620.8487020678983	3068.2248595024967	1601.4805880098058	3174.747417713086	1584.04920387109	3256.0906223136317	1580.1750567090182	3362.608941914066	1597.604690781454	3434.2684578990743	1599.5408308427764	3513.6748712242356	1605.3504017038092	

Img 2021_07_19.CR2	2783.2929157502163	1717.5778183946998	2820.304927411553	1697.9530357796068	2866.0697142742715	1700.1249430324656	2885.608918185043	1658.7069960536178	2935.671567283423	1628.1842333904399	3053.27803712943	1599.832921467501	3186.115823210581	1567.123410184475	3279.786912213999	1564.9316365441332	3358.2212229708452	1571.458928051565	3460.6384354881757	1591.0578491897165	3545.5956953080868	1595.4042342473322	

Img 2021_07_20.CR2	2717.4021933074637	1728.761216271019	2815.3439010756574	1692.9469502778152	2865.5070927701186	1697.725983649797	2879.8462344511486	1659.5173703151613	2925.2360440763164	1647.579104591192	2949.129538373925	1621.3104480660134	3032.744747228409	1604.5969076530782	3102.0296935541464	1583.1056343411751	3164.1459965299155	1575.9433907124192	3214.3187787367456	1566.3921573904943	3283.6048262382883	1559.229892272509	3348.1097302032185	1566.3976793715715	3393.5018996585086	1573.5647520953441	3460.397409712232	1580.7328093323003	3501.012008935674	1587.8998045194844	3548.791254692517	1604.620802062157	

Img 2021_07_21.CR2	2701.9159746975265	1739.5170763422152	2806.8585025687225	1696.5349904401073	2859.3556628164106	1696.5316852221608	2887.9422979008527	1665.4963656271839	2928.471251369346	1644.0109251636356	2957.0795378641947	1629.6880820326885	3050.076890535575	1601.043519979363	3207.4494901551866	1562.8558876150403	3310.0116203867983	1562.8546502724694	3414.9746306332063	1574.7844775035371	3484.1648765641753	1589.1006116312888	3560.497207994281	1598.6437167749255	

Img 2021_07_24.CR2	2691.5966151398493	1729.543800618406	2805.4840263656274	1693.986143722392	2857.6698632373927	1693.986183371816	2907.5298466096588	1634.723001660769	3064.1289278047407	1582.5712516276294	3201.7230966264856	1565.977770021309	3358.281694909526	1563.607755811923	3465.0103539618503	1580.2019551933067	3533.7916223177967	1589.6843187141988	3564.611988092412	1608.6486343505906	

Img 2021_07_25.CR2	2638.448575749224	1748.2837778309884	2733.8954743965814	1704.8642418707593	2840.9505470347067	1696.185214611054	2881.417317067878	1658.5554557782116	2918.995756641809	1626.7162880613967	3124.368528346154	1580.4166901203728	3242.968142542961	1563.0582034431593	3402.10103586859	1571.751951899666	3491.789154133451	1574.6522449699285	3538.110000693808	1597.8098404604152	

Img 2021_07_26.CR2	2609.8982163497276	1763.2935932039306	2736.187244353255	1701.2498705589187	2840.0256881981613	1667.4190724329683	2940.859175376878	1608.2831903839694	3075.5123186947862	1585.7463666807087	3221.255271300891	1554.7865114369783	3341.9555149158587	1566.009179486107	3442.9126290711724	1565.9899960421253	3521.414007244358	1565.975079542151	3557.8105576031194	1560.3480272271374	3583.327926525476	1596.8775690432503	

Img 2021_07_27.CR2	2597.7591689987376	1758.01302369114	2742.548470003673	1705.8882205205525	2809.1525877733516	1688.5097638350442	2896.026649844812	1627.7114110871069	2994.486738978695	1601.6432212951238	3107.427878087003	1569.783026802354	3214.5799311888654	1549.5010821870549	3330.4258373164607	1555.2669859076107	3457.859033075126	1552.3472733784981	3559.2290096911465	1549.4326481425264	3622.952000133933	1566.7873763980153	

Img 2021_07_28.CR2	2546.5061845055598	1784.9678122338605	2598.7994106088777	1757.559456836716	2698.42236442596	1717.687579643075	2778.131487775095	1695.2555533310792	2895.17439469811	1625.4843316913386	2999.7912975201566	1588.099531888816	3129.329685521767	1560.677780170951	3248.9093547668504	1555.6816297073992	3398.374306836607	1555.6653778125958	3483.0654011641063	1560.638746701879	3560.2783554687376	1555.6477733673385	3595.147775962334	1555.6439818821382	3615.0725908265845	1583.0441255275139	

Img 2021_07_29.CR2	2546.0588300761196	1787.0136836457807	2608.570327132173	1755.765243698263	2688.131800664222	1721.6758600747553	2750.6457631059193	1696.108362583595	2861.4733339974287	1633.6050028137972	2983.66549651196	1596.6732750260114	3137.1186280245115	1559.7422840821494	3236.5760414061265	1551.2235525848287	3401.388630895061	1548.3921379582011	3503.6847040186453	1551.2401706295634	3583.2495975144802	1551.2451207234562	3628.7021021391247	1576.8228226120818	

Img 2021_07_30.CR2	2525.6053427833363	1788.9250164012626	2610.40024540561	1735.2137466653069	2661.272010854823	1721.0783529029984	2748.8784225294576	1695.6366930077108	2785.6141916908373	1684.3301568395514	2847.770832183047	1630.6365466869725	2977.740038682399	1605.1999609409165	3135.9357680075573	1557.164151377004	3198.0816846577527	1545.8617030455548	3390.183458755151	1551.5032710222256	3539.89726642685	1551.4968387757492	3644.4185668322702	1559.9664783302571	

Img 2021_07_31.CR2	2512.6024571212756	1780.1171874161032	2628.209274614261	1727.9040038653145	2726.506510918112	1698.902632587839	2769.9249283751064	1698.898009171994	2830.6090068172493	1678.6026627360325	2888.1967507005456	1620.6447664892194	3018.223673806153	1588.7717329399832	3168.388266882468	1545.3254123156303	3269.6311273032093	1548.2154633679177	3446.0150529853227	1545.311127165821	3544.3489219228354	1548.2010427964242	3639.7864174211145	1551.0909643349792	

Img 2021_08_01.CR2	2514.8867196903448	1779.8630318394908	2663.407555219207	1712.1310724392345	2744.122294883537	1689.5536987849966	2837.7584411879448	1641.1727595462485	2976.5938690044513	1596.0162768358553	3170.3221283352977	1544.4065927861834	3383.430518892043	1541.175621678183	3464.1581980705946	1537.9479476170325	3535.200701280622	1541.171625605386	3599.786647320496	1541.1699250727916	3654.6867647758513	1554.071257019901	

Img 2021_08_02.CR2	2506.2387142043704	1762.7036558073164	2648.2999909130044	1711.5331890377988	2835.7908782870486	1637.6319126365759	2957.937744383586	1603.5261461235625	3145.405351321664	1560.8971191692106	3207.8891604053715	1546.6886699061877	3307.3103762405167	1546.6855715374818	3429.4476485635487	1543.8406701092015	3514.657598018561	1543.8380683002952	3579.9800206424466	1540.995082210078	3653.823785775799	1540.9928739759882	

Img 2021_08_03.CR2	2540.4098707222743	1748.8064100358001	2703.524343066002	1686.3472075902534	2838.8836811773435	1634.2944348405367	2998.546139795052	1589.1769609946627	3165.1606332484603	1550.996088402078	3224.171589819842	1544.051850600959	3418.567661599413	1537.097968557687	3487.9979899943974	1537.0931085834402	3588.676034877818	1533.615672887015	3661.5770608349876	1561.3739795781692	

Img 2021_08_05.CR2	673.1557004359695	2048.221236151386	976.2407065223975	1987.5781754879802	1253.283565508768	1952.9187810688836	1383.1338250160447	1944.2477281914473	1504.324371156112	1909.6113007724014	1608.1944914049814	1909.5996284607113	1755.3664796695346	1978.8315430183964	1997.7259565480404	1944.1779672339287	2266.0221798576044	1909.525705663668	2525.4586189938414	1762.3961512066433	2663.7459469651467	1667.2344820728922	2862.6521879131164	1623.9746332849165	3121.9780657833344	1537.4877206104907	3398.726463051799	1520.1708638701157	3597.666635708254	1520.1510436377607	3666.9760278315694	1554.7230084806424	

Img 2021_08_06.CR2	342.8971381073729	2158.294476681557	817.9820977197897	2040.9407953097248	994.1896169183125	1998.2546189374932	1213.145880932622	1955.5693299306083	1405.4203706963078	1944.9211171310349	1522.9726024519364	1891.5212574205711	1672.5494207225568	1912.912901389959	1880.9297289660014	1971.7237563085544	2212.377488365426	1896.965729065233	2335.3585126066064	1886.2948276070836	2447.6621190667815	1843.5524792780623	2469.0564089287764	1779.4209856653877	2682.988884177802	1683.2332735590749	2880.9069124727707	1608.410122265673	3132.367046687026	1533.5716025558988	3453.5154382846913	1533.5469919676787	3581.9962904346976	1512.1522289043814	3699.8396979166528	1565.6089212425845	

Img 2021_08_07.CR2	155.80147769211365	734.9264992346975	200.10169346843358	2209.4454298749965	651.3324487342179	2057.147709660345	850.5700315687419	2033.7257660073901	1061.5335962690265	1986.8690581147523	1313.5188410070145	1940.0145164240396	1501.0472783773205	1881.4380179814627	1653.405544340555	1928.317791198969	1799.90658557078	1981.0572470845013	2051.9035394439647	1940.0602042550593	2215.997426098742	1881.4804653002175	2315.6252397945873	1875.627406798097	2421.1141416297237	1881.4926432886186	2462.1386884714766	1793.6107025092076	2673.1170696347813	1699.8800898085105	3013.0271402956278	1576.8618879679273	3130.2385402126356	1547.573429791523	3335.3629086411565	1535.8650729570077	3517.0475373122513	1530.0143373103076	3628.4036486799046	1524.160416920879	3687.0179286025286	1565.175269322979	

Img 2021_08_09.CR2	281.3282988345965	739.9088714171276	720.9697544413501	2035.29440191053	1039.8932338410896	1974.5468857110254	1272.733006419081	1944.172223966274	1515.6759616278423	1878.379420842649	1702.9280682687677	1908.7314567235292	1849.6859690041194	1964.3827743342413	2178.5978237298523	1903.6511781801546	2264.613470980075	1873.291161290269	2386.0448199158873	1873.2865824405637	2497.3461625922882	1787.2771949793507	2780.637818836141	1635.5077333160439	2952.623752141401	1584.9230676081609	3170.12322088433	1554.5758145856212	3362.314556620285	1509.056248662591	3514.0407750299723	1509.059916916641	3645.5362512093193	1539.410072939287	

Img 2021_08_10.CR2	250.48488467049722	730.5573735312686	364.80146584632007	2145.4565005502386	683.457826747401	2041.2005611918335	1042.6302317199309	1989.0783499393417	1285.9416687384523	1942.7464885680756	1506.082223497216	1884.830910536819	1691.4390150954757	1925.378571334102	1818.870646561327	1971.7182252890238	2004.2475847471405	1942.7612457747528	2160.6603728336513	1902.2197889372635	2299.6914596290303	1873.262479576775	2374.998207325896	1873.2639409652306	2467.68798251573	1797.9711801273852	2589.3382733417884	1716.8897499354043	2780.4957910456797	1658.977787393678	3058.5348135750664	1560.5295538131084	3284.4415739104	1537.3680242246505	3464.00811350495	1519.9970675001437	3614.6150791984946	1519.9991185035178	3695.718122634681	1548.956166798009	

Img 2021_08_11.CR2	212.18596984378863	767.1464518449714	302.133557595536	2167.083444832238	665.4043940671031	2044.3688317133467	1121.7691478451993	1960.9192751521823	1327.8165825337815	1916.756166712685	1509.3084995110673	1882.4095245801238	1661.3798999683838	1906.9067070751378	1734.956988149247	1911.8005506391028	1803.6639133828933	1970.6317952338827	1887.035740769567	1955.9097947027392	2039.0640554975798	1941.1794795552548	2132.2119166932184	1906.8471195543304	2264.5743066568566	1867.6111917034377	2343.029486592614	1867.6019521840828	2406.7722887813443	1867.5944453138534	2445.9742184944157	1847.9819781386852	2465.514913770145	1789.1602306768334	2597.8017713702216	1725.4340727863782	2793.773559696153	1651.9138023778726	2955.3988797525494	1578.4106197802757	3136.671568730958	1549.00789655782	3259.14034887886	1529.4081231376842	3440.423055034954	1524.5022863415986	3538.4022663770006	1519.6002009032836	3626.5569731809583	1504.9029793353156	3680.532766286731	1544.0845571371653	

Img 2021_08_12.CR2	160.65729251416334	709.6454658844294	283.6258578871979	2174.6435608885035	657.3839192879215	2048.4886784775636	960.5592870770499	2003.1019185289733	1233.459819142391	1937.4906461228056	1405.3205283199509	1917.318962854735	1516.5320163637264	1887.026348738821	1663.1445578308649	1907.2696455841462	1794.5913773472232	1947.7215066197305	1819.8678533684001	1967.9380064817071	1936.159920456958	1937.6475189207238	2097.964900527572	1927.5772569294766	2183.943854346991	1887.1684079881509	2274.976172197009	1872.0263853228728	2381.177470537693	1872.0486592629823	2446.9487287963248	1831.628850386892	2507.6952785759736	1750.7651173907004	2750.568760846715	1664.8636623415907	2968.195578978268	1583.99507967612	3180.7787748128285	1528.3964845781768	3383.194400135672	1533.4823677524962	3585.6715243980616	1508.2205827240334	3666.605077853291	1538.58006181691	3671.5939125509726	1584.1009284385918	

Img 2021_08_13.CR2	88.51273437873422	859.7945513400655	168.93864856617918	2183.174275195994	550.6666080405822	2096.304721811535	753.0373999560445	2055.7659359490626	955.3435121120262	1992.1343768166087	1151.8279060380273	1928.5184775330918	1307.845027113291	1899.5796092803544	1510.0553749554094	1876.4023796538106	1625.5880741698952	1876.3578025146217	1787.322541785901	1922.4786639314893	1908.590184764683	1939.7449870669107	2104.865845067166	1899.2599088676734	2249.1575176992396	1864.5746037547367	2376.118263264001	1858.755724888202	2439.58747154143	1818.3367490566418	2514.5912360305565	1743.2906515520392	2629.9775308094586	1691.3202019213809	2849.1760391228495	1616.2500750295765	3045.2583650446513	1558.5102188544288	3247.058603699436	1523.8591395823225	3408.454619059108	1523.8344798241658	3541.009019557014	1512.2776832842146	3662.018361561694	1500.7243752791085	3702.331504313351	1535.3247638886585	

Img 2021_08_17.CR2	182.2238481806408	921.0454656336416	267.8324115554528	2129.5685013759708	503.9103657208914	2100.048959522138	740.0990083835262	2055.7287093516807	971.5106693930776	1962.080419146603	1212.85369882926	1902.9122745177165	1395.1779136877583	1848.6513022893585	1543.057863666513	1804.2412572737396	1715.4901157768472	1868.3821902964432	1838.726925237558	1878.2513137141589	1976.9251762933798	1789.407328575744	2080.5257344789493	1774.5903265731135	2129.8705577240644	1764.7125927839297	2332.2307743457013	1725.191834863588	2524.7947623777336	1685.6575692995739	2697.657396078036	1655.9922497255282	2875.613876247185	1576.9080857269084	2974.458706755766	1557.1179605503232	3216.7304993672155	1497.74236582359	3365.010217945587	1507.5829993177947	3483.7126491522063	1492.715259660079	3646.931630792549	1487.719120930156	3726.1030896453153	1477.8038197532433	3740.8068153289473	1532.1931609957257	3725.8540158409733	1576.6984863193795	

Img 2021_08_19.CR2	74.14627458097702	799.3076381279277	214.46909459057923	2145.9649194425756	682.405282212347	2037.8836877201347	944.6106458800407	1955.5794334578752	1134.831076639164	1847.6135939788703	1247.8977189558766	1827.0341997010935	1381.5066888658764	1821.8662797469442	1545.946544792328	1785.8636653023466	1617.8699486645498	1857.7818668563166	1766.8791403812118	1893.7171136166946	1885.058292154802	1873.1362694208904	1987.8109553567247	1801.1812335953384	2090.5537371064984	1749.7844239773033	2136.7850943718045	1729.226111202073	2177.898749460967	1796.0022438762664	2167.6288280276435	1816.554931249039	2234.4154055177974	1816.5402273744273	2301.200734836746	1816.5255237746162	2234.3905241255816	1729.2058148892963	2244.6466069788435	1667.5625648165008	2409.0082400889587	1636.7120084448286	2522.0036144041696	1626.417841622862	2712.0112464461317	1580.1595789820597	2845.5214384776145	1554.4578078666245	2968.763737323156	1544.1649187016683	3163.866156893966	1508.1856187958995	3266.546915784067	1492.7637556033087	3415.45010163523	1492.7377146415843	3605.421019283548	1492.7044915418435	3738.893992724126	1482.412894919482	3738.9572699791906	1528.6212246571679	

Img 2021_08_20.CR2	912.3483728919608	1959.8391269500632	1120.1272890227146	1836.4252451870302	1333.4031512838853	1819.5991602041265	1524.208470752925	1791.5594091710504	1698.1327300070727	1858.8558622098917	1860.840990453714	1886.894695087143	1945.0027460802414	1791.5631728322412	2057.196755894703	1741.1022580436836	2113.2896062530576	1735.4969541041332	2247.899103748794	1696.2569579122865	2444.1808212695673	1662.630256004934	2612.3808810715873	1595.3787037421746	2954.341930815688	1533.7572878684791	3150.522452181666	1516.962861917052	3301.824481785224	1483.3585335580804	3570.832770709576	1488.9853934049559	3705.291493121981	1466.5894467003648	3750.1175783266026	1466.5937441787546	3761.4113869210682	1533.820149555065	

Img 2021_08_21.CR2	972.3520581659872	1908.3241534493086	1044.7540387345948	1858.186817747273	1150.5750061128756	1841.4802057917414	1261.9652265031457	1813.631193283425	1356.6499196955488	1813.637635010569	1429.0551468510637	1802.4998188833576	1540.4458973892915	1769.0791678922435	1618.4330877609	1824.7983728899317	1729.8377157082837	1852.663774629704	1852.3842726605121	1874.959016972874	1935.9288660717623	1841.535023228772	1997.1868618645565	1785.82345170346	2097.4424393849254	1757.9724818545872	2175.4060041460525	1691.1202328788684	2247.8065040870106	1652.1252021762177	2359.2014103693496	1624.2751228762202	2437.1827991998716	1618.7081997602338	2537.4256984917615	1557.4300370606352	2615.4011780982646	1535.1493570533314	2721.221581156951	1496.1566695206682	2843.769460382566	1496.162539582409	2921.7629102694464	1512.8798463003723	3122.2998802278744	1507.3183904437785	3250.4163828544647	1490.6107376610037	3445.3895757414725	1485.0486718013601	3567.948421900494	1485.0544558148963	3640.3604948874527	1468.3437358487004	3740.6310280172256	1457.2055976326933	3757.361293773153	1485.063394921694	3746.2364492258866	1512.9202123027794	

Img 2021_08_22.CR2	2520.92890474843	1368.3744206563306	2658.515463961549	1347.9726711493788	2760.436621372773	1347.9609348231388	2826.686672599321	1347.9533060615126	2841.9777790492517	1373.4348586979017	2780.8288898774263	1419.3107698812366	2719.680049166884	1449.896033906057	2643.2437897319346	1470.2893805952901	2622.8624596639834	1485.580392936808	2765.5491929160075	1495.759011963332	2913.335441101934	1495.74454075338	3050.934112230683	1495.7310671096318	3229.309041951568	1485.520289110697	3341.4346095167634	1485.509176548086	3463.75675367709	1485.4970534211748	3565.6951885664166	1465.0994163569592	3652.344768386432	1459.993664477954	3728.8019015883874	1454.888846824228	3764.4822508080397	1454.8851834085574	3774.6717481659653	1526.2418545518137	3738.9901672442247	1551.7295727419814	

Img 2021_08_23.CR2	2517.8496986734212	1366.7239433763004	2634.343243656404	1355.0725658292358	2739.181280307008	1358.953375802526	2809.0739080483004	1343.4206294226603	2863.431799773939	1343.4196727398912	2878.9592687430018	1362.8332992497133	2816.8295977492585	1405.5454420624278	2777.999199220809	1424.9606080019742	2708.1057390012106	1444.3770934920383	2657.623723109003	1475.4418147027914	2696.447432751791	1510.3855449493253	2812.932840375076	1494.8490798727041	2933.29359200963	1494.8436762017657	3065.2961532440854	1494.837749864532	3228.348720170227	1498.712869946778	3337.051838238508	1467.648926898694	3461.2702713693557	1475.408546801184	3624.3058504289456	1452.1086870054078	3698.055557253553	1448.2238012568387	3756.273242687448	1463.7500680707349	3771.79129746169	1494.8060313248352	3764.0230443460428	1518.0987346872373	3736.839723977671	1576.330836831269	

Img 2021_08_24.CR2	2562.838568992611	1356.8824005317965	2686.8027444061972	1340.8878837660573	2770.776563681296	1328.8919571046113	2830.7560700391978	1324.8946389454775	2910.7266559737536	1324.8978122836163	2898.726226457943	1356.8945830018888	2838.7435565353085	1384.89036068234	2798.7496425882487	1432.8861230394434	2718.771343546931	1460.8826456087945	2674.778099940209	1500.8802722885043	2866.7159111169135	1496.884479560956	2966.681210825072	1488.887094230093	3046.649805047454	1496.8883197831253	3150.6069446928436	1508.8896075532346	3270.558351478366	1492.8934669726577	3370.514646453748	1484.8964755206832	3454.4755250062544	1484.8983748741855	3618.395114349775	1480.90261030007	3730.338172035591	1456.9087136338887	3774.3143582430343	1456.9098397466048	3770.3137083012016	1504.9026118038662	3754.3194026902065	1552.8957426530667	

