Img 2021_07_13.CR2	482442.0202619243	7114625.777443875	842.1934912695456	482436.276685051	7114621.692435117	842.9252987057085	482431.6144653699	7114618.894310359	843.3531449643677	482426.86206090834	7114616.583404752	843.7976518385816	482421.8234327057	7114612.037973731	845.0408784570756	482424.3296215835	7114605.752614904	847.3151313887248	482420.9734608379	7114599.6650577085	848.7233782264171	482414.6630348024	7114597.087236672	848.922732660439	482406.0521448378	7114596.412480665	848.425238875173	482397.0455026566	7114594.081119997	848.1931177914214	482392.98979137477	7114594.731164429	847.5540494922152	482387.8820773193	7114596.803215518	845.9044911232698	

Img 2021_07_15.CR2	482450.16310310795	7114676.893905482	821.9168673196895	482451.1989322491	7114667.526400919	826.124410188585	482451.9650527758	7114660.203614444	829.3051327296887	482450.4245904793	7114655.166085943	831.951213983083	482445.17108010774	7114647.339117587	834.3282128338981	482443.4112442989	7114641.497327366	836.1823312323186	482445.33959546534	7114632.51764657	840.4953138587191	482444.4755209931	7114617.871195874	845.2308864745339	482435.85289363645	7114615.419873969	845.5535143841021	482433.0651062281	7114603.37050624	848.8855544673324	482425.54530162015	7114597.108659821	850.2118324023158	482418.85790030716	7114589.6720838165	852.247125757789	482411.7821608436	7114593.3144376185	850.2867767040226	482404.873986029	7114591.843647776	850.1474630726733	482397.92358706344	7114587.003973771	850.6923274644147	482390.4669243823	7114592.282105889	848.1010164121715	482386.25038834265	7114591.444108795	847.8864530239309	482387.9906917615	7114583.223212221	851.0024445061094	482371.5172585355	7114585.3243438015	848.3740546736859	482362.05005487625	7114587.593406372	846.6441919750797	482359.52269925067	7114591.669881725	844.6761905951169	482353.7223354349	7114594.223864302	842.8509667565602	

Img 2021_07_16.CR2	482451.0912874165	7114686.792590185	816.3443894587317	482454.80776721647	7114673.177418103	824.3010452749388	482450.49754525675	7114655.318961698	831.8800810170171	482448.8103395823	7114652.286245243	832.7606639646563	482452.42563342536	7114644.902962737	836.314923445629	482457.18519726256	7114632.002564059	841.9596705073911	482447.89301519096	7114626.840136614	842.7050283167837	482444.47315230954	7114613.323090176	847.4265372968837	482437.2760380279	7114608.248693602	848.0480151807791	482432.66878556873	7114591.697184081	853.2020032412017	482420.07790504897	7114586.061594002	853.5361467340681	482406.5906501827	7114584.51842127	852.6821056134556	482393.1840409207	7114583.268512487	851.4316731276141	482375.33702439675	7114581.77899737	849.9806518683807	482366.2507968875	7114578.625619268	850.283760460389	482356.4464870639	7114576.993582308	850.2391599560091	482341.46657851763	7114580.603489816	847.6850156769266	

Img 2021_07_17.CR2	482455.5970533863	7114686.121018067	817.5383390685524	482456.9266295671	7114674.059070548	824.0948762859191	482450.3320330912	7114668.106561739	825.737074486906	482453.85110310465	7114658.232544377	830.8898585906593	482454.3867388597	7114651.25672239	833.986140143218	482454.1103666518	7114639.474981543	838.4533836271683	482456.62356370734	7114634.361346233	841.0862658527215	482451.7652897252	7114621.353691982	844.8419470074282	482446.450406204	7114614.24704659	847.3223119515917	482436.24736362847	7114596.668069677	851.6708796825349	482427.2553347754	7114586.197852796	854.1867082741403	482406.4698957689	7114583.500697287	852.9792132024425	482388.49169770395	7114585.049455863	850.4409366390692	482378.68530186673	7114579.516670514	851.1689328112882	482355.6815084858	7114576.4111519065	850.6796724403621	482339.04352974624	7114572.995828174	851.746440677573	

Img 2021_07_18.CR2	482457.85800573643	7114683.996985934	818.9785271870617	482454.9263448996	7114672.612543318	824.5567259481095	482449.6178073896	7114664.854651049	827.0412502145269	482457.73366348504	7114655.9633750385	832.5790595779954	482465.40089525084	7114629.399351741	843.7736284478804	482447.9029125892	7114609.10547707	848.9929462782916	482430.8810094569	7114589.525843418	853.6444491743562	482413.7616098049	7114578.893843522	855.0021323464159	482379.8191816504	7114577.672338485	851.9335764591674	482360.59803414345	7114574.386354635	852.160974066941	482338.02072269726	7114573.156637747	851.6898626810764	

Img 2021_07_19.CR2	482467.32804972667	7114683.411259658	820.7407719284984	482464.6758058303	7114674.027080508	825.5234461322392	482452.61751908204	7114669.275886469	825.5875555100669	482465.08192198095	7114653.321035502	834.7654322722142	482467.3044416607	7114635.593305623	841.961165198769	482452.9056533075	7114609.620027532	849.2257306889652	482438.64799278893	7114578.544775946	857.4815653924911	482415.5914022351	7114569.255293513	858.5907882784861	482392.5765505955	7114566.131922987	857.6369305722172	482358.0612336794	7114568.54630386	854.1504962222175	482333.9873327677	7114567.384045381	854.0365533175775	

Img 2021_07_20.CR2	482479.5917502909	7114694.531485475	817.4784905525346	482468.47435024125	7114672.65395007	826.4967446648056	482453.7614559924	7114668.549414743	826.0872393552698	482466.1359037707	7114654.301533427	834.531508672534	482461.2018765135	7114643.900633043	837.5230229473376	482467.7033907723	7114630.932677351	843.5908723760424	482455.16797183844	7114614.362676056	848.0232114204639	482449.58827981213	7114596.518633914	853.3656104468001	482438.5787726009	7114585.925596023	855.3671107956454	482431.0472093156	7114576.249667374	857.8685966177599	482418.2909195458	7114565.341582891	859.8779412772835	482398.3493914884	7114563.638052751	858.655999035125	482382.71116135473	7114564.592414936	857.4159046386501	482362.53676770034	7114563.840965314	856.357747981634	482348.9879269158	7114565.2437481545	855.1726363102991	482329.15561495256	7114571.746806917	852.1973997079971	

Img 2021_07_21.CR2	482479.03539323364	7114699.6521561	815.003195507337	482468.98369080684	7114674.893592295	825.6347183761039	482455.7985255875	7114668.848942925	826.2661272990671	482461.6134284594	7114655.347391207	833.2935226129252	482462.44839082856	7114641.85925705	838.3092100081343	482461.2869443069	7114633.664172419	841.8057094544398	482452.84279471444	7114610.719676094	848.9437281390457	482434.4590120949	7114575.326978345	858.6519677187123	482409.3203471968	7114565.344319092	859.2346321395751	482376.8723089084	7114563.588826866	857.2941217494208	482352.91764633334	7114566.442048385	854.7655852069463	482328.25103570794	7114569.018755531	853.5533429178225	

Img 2021_07_24.CR2	482486.1073195464	7114697.737156232	816.9349428403833	482470.52102695603	7114674.14957593	826.1564717566403	482457.3484552944	7114668.155797498	826.7814850884981	482472.42049757345	7114640.484280173	840.1602196911335	482460.47706004744	7114599.450307675	853.1756101597485	482434.82437017304	7114576.900684222	857.8669023133293	482397.2279855029	7114561.388989715	859.3437950617371	482361.6885557098	7114563.241068314	856.5025535694822	482339.5456877645	7114565.012025559	855.1043568151911	482322.9041249428	7114573.712051245	851.5843195075352	

Img 2021_07_25.CR2	482492.6943476677	7114709.30801242	812.1374007708092	482486.1834964631	7114684.662053771	822.7367581137696	482460.81247769325	7114670.628132572	826.0941096505799	482466.18200962606	7114653.769582408	834.7578760691135	482472.5111213755	7114636.723438187	842.1264948173813	482445.32278299925	7114592.957865665	854.1340940041894	482425.49476144917	7114571.9638472	858.8119118735722	482381.61262008036	7114562.894441955	857.8627062899275	482357.2722351734	7114559.239860302	857.9059681062697	482334.8925035399	7114568.780635894	853.4722783815882	

Img 2021_07_26.CR2	482493.6075020849	7114717.318667509	808.589046114143	482487.09702894534	7114683.282555567	823.5542371328146	482474.6993564047	7114660.146917269	832.2093944454361	482477.9718485966	7114625.193659888	846.3794662327891	482455.68710694293	7114599.882837678	852.5331103526503	482436.47633856547	7114568.786413303	860.5462129844975	482399.8896437965	7114564.129276553	858.7142712147402	482374.20868250687	7114557.17310101	859.4008678482685	482352.70782722946	7114554.507981048	860.043840220036	482344.41615230736	7114551.761365216	861.5973576324063	482322.5053064112	7114568.204191957	854.1744385750629	

Img 2021_07_27.CR2	482499.4347678906	7114717.034435484	809.454106057741	482483.64824510936	7114683.840436121	822.6121609368597	482472.19748239545	7114671.733890427	827.3574883427336	482479.1044477635	7114638.824184806	841.6130467323412	482467.057025164	7114616.732275989	848.3575004744844	482455.8609420724	7114589.124797624	856.4527064323499	482441.46857608494	7114566.318713313	861.7306921591633	482408.67077350756	7114559.1600673795	861.051625424434	482375.9974484177	7114550.30269365	862.5637408389325	482349.42648995295	7114545.6802577935	863.9437527512425	482322.976680017	7114554.9159086775	860.8278221518696	

Img 2021_07_28.CR2	482502.458730357	7114730.4515567925	802.924034059067	482499.30300163117	7114716.808703461	809.5710529096094	482489.48032147787	7114693.23088951	819.5488325195317	482477.2724974676	7114677.535919674	825.522098563952	482480.2767730863	7114638.161303729	842.1211107248944	482473.5121737518	7114609.541218558	851.4786674857919	482456.3839214345	7114581.314972699	858.6599094636678	482428.7070294491	7114566.889249887	860.5064952870688	482390.59655066277	7114554.813577233	861.4007995074298	482364.9487423878	7114553.794759202	860.9324249802837	482345.8243021592	7114549.371128503	862.6292675511227	482335.9035617999	7114549.134869335	862.9213121129089	482318.9199540226	7114562.139780595	857.360436362068	

Img 2021_07_29.CR2	482501.5919315734	7114731.1532462	802.5118105372281	482497.46828496753	7114715.094131152	810.1010994314648	482490.65942344256	7114695.555102898	818.5331370936584	482485.98753710685	7114679.604731439	824.8135276583267	482485.5935749576	7114644.818429883	839.930146307327	482472.29598826054	7114615.875836981	849.4253508723139	482455.22352064	7114579.744912295	858.9091015982481	482434.5618915281	7114565.4368978795	861.460811966703	482392.9474506057	7114551.363523333	863.0869968329417	482363.9900166266	7114548.000136277	863.1362408242843	482341.8943148237	7114546.236116332	863.7345006125663	482316.33525014564	7114560.746294113	858.8578010499936	

Img 2021_07_30.CR2	482505.9827102597	7114734.404964354	801.795667991539	482506.25673122646	7114708.557311225	814.4358485089817	482498.55015068664	7114698.246984862	818.2341149489766	482486.6191571355	7114679.688946553	824.8975345944002	482480.57775354426	7114672.7254047915	827.9415613136039	482491.061603215	7114644.963152254	840.448013919899	482469.85863324377	7114619.8578008525	847.3919213931508	482457.17292646447	7114578.374357561	859.500742455333	482447.61284324946	7114566.135723878	862.5108071375337	482394.5182649683	7114553.499019785	862.302783013209	482353.91592518997	7114547.07303079	863.3449959705122	482317.9759132576	7114553.7675456265	862.5501892458196	

Img 2021_07_31.CR2	482513.3475924474	7114733.552500235	803.3762740068667	482505.1062387491	7114703.876240634	816.2218899839252	482490.86159442697	7114683.543595993	823.9218851732279	482478.8352853875	7114678.916944714	824.5381066598152	482471.45039195876	7114665.614552503	829.7179903391575	482484.7222256989	7114636.873850541	843.1476547582475	482468.3183649763	7114607.861979747	851.4582197408827	482455.5838375328	7114568.825431115	862.4864205300519	482427.85167712765	7114560.724874481	862.3382616782947	482382.77703494416	7114547.052490346	864.0552345832068	482354.464564539	7114544.987530109	864.0862800292267	482323.6932144733	7114548.60535619	864.3403147760112	

Img 2021_08_01.CR2	482512.8177850629	7114733.206240319	803.4708146214548	482502.0409569312	7114695.137842875	820.186131179287	482490.079061936	7114678.62346185	826.2103147175617	482487.5750857762	7114650.887571819	838.0299200834016	482474.9745787893	7114615.9613458365	849.493385203691	482455.6823897817	7114568.076373127	862.7129419501123	482401.6733085475	7114548.400826173	864.6161605206834	482381.8889744439	7114541.89474313	865.81856010759	482360.4457129281	7114541.393328387	865.5659098431984	482341.7104136155	7114540.976433351	866.0489530278265	482313.9269328216	7114555.175114911	864.0634119135661	

Img 2021_08_02.CR2	482523.3234674504	7114729.081236278	806.849837488897	482506.2250763583	7114696.893734736	820.1228539521487	482490.21178227145	7114649.4794046115	838.7826122142794	482476.30905498186	7114620.97725099	847.589847965565	482452.31436630414	7114579.602433651	858.6925187672518	482444.5651422635	7114565.666249829	862.3681639091441	482419.32506243885	7114556.339693826	862.8846643773004	482387.95161205065	7114547.1530161	864.2846451782609	482364.7436448983	7114543.519031291	864.8394402021479	482347.72341290006	7114540.713916105	865.9288104017078	482323.9957024751	7114543.658167762	866.6040907154909	

Img 2021_08_03.CR2	482519.8472364004	7114720.9157572165	810.3909926025844	482503.92796685494	7114681.284504062	826.2714019105005	482491.4121843697	7114647.5561599415	839.5431740456299	482473.0372310214	7114610.35307891	851.2323358413668	482452.8126401217	7114572.475895192	861.1367058348776	482442.3710597724	7114562.206960992	863.0535283186549	482394.885433886	7114543.551502463	865.7338633855169	482375.7710336511	7114540.445073957	866.1595212564768	482348.9589704586	7114536.413500971	867.6023342018955	482309.3028987964	7114558.396688095	862.5909428934451	

Img 2021_08_05.CR2	482810.5167487389	7115144.196616495	722.2964215121424	482792.6223653024	7115066.216583587	735.9865642825639	482755.86805655225	7114996.832782328	745.797645527496	482731.9339964204	7114966.188300111	749.2064264573015	482724.8810544963	7114933.485179572	757.7536878888895	482700.7871420346	7114910.99209769	759.1595716274162	482627.0775892108	7114895.271415257	748.4545366737076	482581.42087679834	7114846.29394855	760.1220318627904	482525.5011239818	7114798.383559717	772.7129733362492	482518.0125890423	7114726.662556587	807.2528141404267	482524.8306070218	7114679.035822187	830.00280998745	482490.874700907	7114640.2954240255	842.0801618856996	482473.0740181605	7114568.751735384	864.1189385933119	482409.1763147003	7114535.438777002	869.5832884235072	482351.1029904245	7114530.948700111	870.728721136194	482310.9367297531	7114554.735672559	863.9924670689129	

Img 2021_08_06.CR2	482794.79229736765	7115226.058622949	702.1030832830063	482788.53272838495	7115108.873978939	724.8002238755581	482781.8429547602	7115063.06520848	734.2091393397243	482762.0548421237	7115006.678667223	744.9298846747267	482726.7084072986	7114961.290511476	749.3426390779538	482729.42482590786	7114926.667206358	761.9865882077496	482683.09693109925	7114898.374510168	759.5148075891709	482598.032404865	7114871.80923397	752.5498577492824	482545.4243972156	7114802.939527834	773.8743935657276	482517.5381015634	7114783.063357524	778.544810423604	482504.51968054805	7114758.338965535	789.2958982640722	482525.22181333124	7114739.126876613	802.8036310182702	482510.9264739392	7114682.748901101	826.7089641349307	482493.9703588807	7114631.904608902	845.8379332438329	482473.28951186215	7114564.983119112	865.1015007866093	482387.05214887875	7114539.980553275	866.7581063676661	482360.15227101883	7114525.953023676	872.4290056822279	482283.7663419866	7114576.605664138	862.8414766124464	

Img 2021_08_07.CR2	nan	nan	nan	482778.7319860913	7115258.65260889	694.9363568385992	482808.3424176118	7115149.957985983	720.6083009026152	482787.44298201986	7115100.486954112	726.3075036840166	482775.559912966	7115045.855243962	737.0273736274346	482749.9769469316	7114981.260920518	749.1628970985976	482739.7491515623	7114929.955350937	763.9419042892166	482679.0826252359	7114905.301807286	756.161037934419	482613.9449924098	7114887.925602872	749.1164324506259	482568.7828078588	7114836.880920791	762.150192157249	482551.2754668424	7114798.786419569	776.9539987196506	482527.100450126	7114783.277052365	780.2019303420202	482496.9685279104	7114770.638933488	781.2988128170425	482522.0355824312	7114743.197954852	799.5958960508751	482505.2120614152	7114689.887797471	822.9639578724671	482477.4781026809	7114601.784275087	854.1282300753959	482463.76609538705	7114574.328666326	861.7706296047033	482417.13945201144	7114548.993589822	865.5904192409668	482371.3465882566	7114535.469706137	867.9346316230951	482340.02679033176	7114533.385146218	870.0360542400315	482288.6003829305	7114574.822979	862.7428004629171	

Img 2021_08_09.CR2	nan	nan	nan	482810.1063966352	7115131.870248868	724.9954150352282	482787.78265100566	7115049.630111538	739.1604778391616	482756.401403533	7114991.236559871	747.8437257925168	482736.889616226	7114926.516984871	764.9384048761882	482677.39153718174	7114891.593259822	760.9238482785355	482610.1400911693	7114875.549266044	753.1352906533954	482552.2148606558	7114809.067628736	771.7476825456706	482542.4857572169	7114789.452630172	779.4814468866509	482508.6818123716	7114773.669580411	782.242873731731	482514.02722863236	7114737.693708047	801.6718736051188	482506.78168918955	7114654.621753123	838.6707125261025	482488.46214661957	7114612.702113703	851.8377643496075	482449.1320786482	7114574.191955429	860.3367854937221	482424.30858111836	7114532.47492001	872.1265794767623	482381.65440545464	7114525.175823674	872.7902697857894	482327.7950804412	7114541.9362348085	866.8462779439511	

Img 2021_08_10.CR2	nan	nan	nan	482799.3001111646	7115220.855489563	704.2312581397855	482813.3921861872	7115141.3045554375	723.5971904544647	482777.0874909628	7115050.733174564	736.5523497608308	482754.464343306	7114987.968376057	748.273250712727	482736.7007821723	7114929.396554638	763.2649321869623	482671.9401150727	7114896.880424128	757.2924947148788	482613.3179907209	7114882.888873771	751.3009092406938	482579.73135101097	7114845.223938528	760.6335251419687	482557.8854892516	7114811.29129862	771.5960219368428	482533.0142535656	7114784.546221763	780.2328557377969	482511.6500041771	7114775.093463967	782.0086204481988	482518.7566769902	7114743.585072442	798.782449807345	482521.13363063824	7114704.992610682	818.0029115055825	482495.15392961254	7114663.390973068	833.3524889891617	482474.6663064249	7114588.934505507	858.291536756742	482429.6737295655	7114553.915784249	864.976476263003	482389.9831803852	7114533.278022118	869.9933624901946	482346.2155518605	7114530.855413935	870.8659821775473	482301.051781158	7114557.238109108	865.6466083779403	

Img 2021_08_11.CR2	nan	nan	nan	482794.5303778933	7115235.59284409	700.7373175905825	482814.270148512	7115145.891086999	722.9452387911359	482777.9795680961	7115028.828871003	742.8826885783672	482759.7632963179	7114974.745958568	754.2180980966255	482736.69645854423	7114928.449191784	763.9090509203061	482689.1186414907	7114899.50730453	760.5590847029292	482667.5498272816	7114885.905895477	760.8702870725494	482617.986541401	7114885.29058743	751.1356312449719	482605.49655527016	7114866.972594629	755.3772666353601	482571.4356630588	7114839.250714357	761.686981735595	482563.1877285036	7114816.764377838	770.1208772677037	482544.92962829967	7114788.120529087	780.6058712321277	482522.6491160693	7114777.90157859	782.4143281236977	482506.0769912788	7114769.253744657	783.6966208699146	482503.164056738	7114759.66733662	788.3915963938285	482522.2283817192	7114742.063164523	800.6766859756308	482514.1567728098	7114707.073291641	816.3408266264039	482495.07408700057	7114659.220668202	835.0771898672376	482492.0112292655	7114608.852067461	853.364000575716	482461.14872392855	7114574.514717844	861.4662121692365	482441.31215067103	7114551.258626464	866.7315768583435	482395.50880492467	7114535.4598139115	868.7692941891474	482369.18659303064	7114530.6187661495	870.4824790566981	482350.66635666473	7114521.685698629	874.3149164345738	482315.24555321445	7114545.251493876	866.144683618697	

Img 2021_08_12.CR2	nan	nan	nan	482791.8994718519	7115239.8694983525	699.6399775673852	482813.1601460648	7115148.041002313	722.132122155401	482785.43056841014	7115071.56260299	732.9735012336105	482769.27341839485	7114999.365701009	748.6974975591064	482742.250331038	7114957.073092984	755.0049467955037	482733.1597354267	7114927.408195602	762.9059690867858	482688.5423860578	7114899.195178042	760.5049061171613	482633.2381320308	7114881.873112045	755.0176972031189	482615.67281269684	7114881.67424042	751.8979743375905	482602.04708450683	7114854.5412853435	759.7926972933906	482563.26368353236	7114826.503263671	765.3692910561682	482558.0932617367	7114804.472392298	775.0576074854869	482540.2358562978	7114787.685462881	779.9485251046258	482510.6485356419	7114773.905355671	782.3537165169973	482508.9679606775	7114755.798887965	791.7304332076662	482528.1876256359	7114725.523062734	809.4270121526716	482499.95984274807	7114669.317426648	831.7332029813097	482484.8519715922	7114610.513952777	852.166863440595	482463.9570832366	7114556.826849392	866.5729145804221	482405.92153654376	7114544.111573969	866.3899041156302	482360.94339848653	7114523.80559542	873.3515517420302	482322.0016725078	7114541.811183233	867.1876908276536	482287.6730709723	7114580.72911273	858.7198068389694	

Img 2021_08_13.CR2	nan	nan	nan	482803.190432751	7115266.4417876145	697.913204039046	482799.9879998673	7115175.797969589	713.325689953359	482791.3717641684	7115125.382870268	721.5842681575958	482793.7907925415	7115071.702002668	734.9316849332002	482792.1316154161	7115017.589875703	749.6941550355893	482774.1227869161	7114976.935248371	757.6663660125721	482739.4364861566	7114927.396508714	765.2842624008877	482712.85991259536	7114901.841034807	766.6802196015401	482648.95494474296	7114877.835346948	759.637131931649	482608.04848125845	7114859.79088242	758.8379288333587	482574.31063122826	7114819.092556311	770.9498890412251	482550.34041951044	7114789.655090338	780.9020878001317	482517.6531431327	7114771.226732805	784.8104033032039	482516.980259875	7114753.0333989365	794.1956056690603	482530.0303355871	7114722.227701394	811.1067764977751	482521.6273241281	7114691.955782738	824.2325349445046	482498.8619204358	7114638.433103789	843.7115231509887	482479.8324383448	7114588.933571896	858.6730260557749	482447.9196161468	7114549.056944611	868.0129785963	482404.5871336305	7114536.867781847	868.7640626126256	482372.1614659377	7114526.428342684	872.1784608073557	482340.4921411872	7114521.539197315	875.4961826636752	482302.19478543027	7114553.734994909	868.6538905946079	

Img 2021_08_17.CR2	nan	nan	nan	482812.6953013034	7115243.750781636	708.2955209815768	482805.21351698914	7115187.095404543	712.4332018526568	482793.70812625746	7115128.479824005	721.4895621305143	482809.1610047573	7115064.933153388	741.0169925655912	482793.00975920854	7114999.970676423	755.9540321346346	482780.0698633634	7114949.752739726	770.4288129340111	482766.1299500135	7114909.249177117	782.8670394691073	482692.688039855	7114882.334528225	769.9952920106608	482655.75000351114	7114860.164584388	769.93376753577	482658.468381927	7114817.478890315	792.2863767784563	482637.39709082217	7114795.488844173	797.2345428295272	482629.5269857801	7114784.132289669	800.1365805830976	482590.1786279909	7114742.239767322	812.3583487276131	482556.2087954845	7114702.15447004	823.948214749241	482520.32934453234	7114671.384318601	833.0137253762985	482516.33923696016	7114615.963523253	853.0764345073659	482500.7957690644	7114595.1430717595	858.5417295988898	482474.7197953294	7114534.14412315	874.3401885860587	482424.45730945683	7114531.386902716	872.4936081770074	482398.72583566315	7114517.076778375	876.5645560672829	482351.8496217828	7114513.351417403	878.3991315868307	482316.90281654487	7114528.188623903	881.3480176299386	482282.29700919794	7114565.566464998	870.050032772829	482266.78268811724	7114589.080748769	861.282270276321	

Img 2021_08_19.CR2	nan	nan	nan	482813.36470050033	7115256.241395678	704.9488993149816	482816.32022112113	7115141.33437242	724.0928747643525	482817.79644898954	7115071.040063469	742.2145203945461	482842.08450678585	7115012.484857641	767.9217888046273	482826.66467408655	7114982.118663082	774.0723433253004	482796.67091206345	7114949.385480631	776.7906196693073	482773.4877668531	7114906.047691464	787.5748300726585	482723.1546408383	7114900.657030038	770.8591135011345	482668.4576820956	7114876.262606459	765.184188860477	482647.1182391182	7114850.067354532	771.69426818155	482650.9520545618	7114817.551235903	789.6308218240183	482646.9783779738	7114787.714004839	803.1227253980487	482642.38671021874	7114775.492603009	808.8083540776654	482602.21528817236	7114783.332450015	793.7628881116328	482595.13003796584	7114790.102167554	789.1593078538104	482575.10082762095	7114780.603899205	790.5711888406798	482556.67765644885	7114770.785154107	791.8124332023416	482615.1332156691	7114759.034049597	810.122528122831	482640.3645725684	7114742.111230029	825.3897112645535	482612.18436018866	7114704.636650953	834.5853488764214	482587.9529321796	7114682.538221662	838.0463889960254	482561.6230176491	7114636.986947363	851.0493464283115	482541.8318827023	7114606.233560309	858.2809765809022	482512.4271979877	7114587.416700572	861.6160884262144	482482.68914632464	7114545.418625375	871.4989953759948	482463.5656000748	7114527.126972292	875.7725295436846	482418.7708306838	7114519.642318561	876.3110893762433	482363.2048624003	7114514.467817028	877.0300544208299	482312.77437563485	7114528.974485198	880.3209161074144	482285.6396871775	7114562.0701398505	870.7049429272683	

Img 2021_08_20.CR2	482821.7293458412	7115079.360416703	741.0460114674462	482854.28094343934	7115014.456470694	770.2289062676823	482809.7452100987	7114960.490341555	776.8141490198084	482776.6404630639	7114911.744392508	785.858079684448	482701.7520637738	7114884.197326126	771.854801458917	482646.9313462368	7114857.271592263	768.3476098634521	482666.068835114	7114823.880826427	791.3159424320672	482657.6393466926	7114792.987986264	805.014958055478	482645.16210179956	7114781.484231496	807.0669257520624	482627.27249777305	7114748.18499358	818.1712548787426	482590.5320039883	7114706.362809235	828.4337370646404	482579.7685330282	7114657.863710146	846.552298741101	482524.9657455213	7114582.040857625	864.0971577821949	482479.57273158984	7114552.9620962925	869.2687084000391	482459.7925234867	7114518.237075766	878.2749154058206	482374.93738930754	7114513.068356871	877.7844838496721	482346.54492173693	7114499.520137844	883.5018413543693	482316.60555114713	7114520.538909612	883.9136902962586	482271.3467152347	7114572.562731791	870.0801027779136	

Img 2021_08_21.CR2	482840.61686548195	7115059.805468568	752.5949403362092	482857.59938197536	7115036.118912415	764.4269691032428	482841.8246919025	7115007.873243595	769.564367615686	482831.79049887107	7114976.701075851	777.3998073313716	482807.4430130636	7114954.058427799	778.5066185097171	482795.2578455367	7114935.359866779	782.0563712938325	482782.37316264014	7114904.952705087	791.8526575207932	482737.92577840894	7114895.516079875	778.707971311885	482696.41389851563	7114876.69318807	773.755105197002	482653.7863483784	7114856.940527557	770.8706722679015	482646.98350043764	7114834.996497063	779.6220369548795	482654.6059717055	7114813.015167898	793.4240776901328	482640.5007481199	7114788.738719923	801.357618105947	482647.8119230577	7114760.450422721	818.783328967076	482645.8509912273	7114738.099372289	829.4295466561484	482630.35276175314	7114710.266996237	837.4636351314487	482613.3307735637	7114694.6328366315	839.4173075376037	482620.2174350868	7114656.391807165	856.1070911362551	482613.2905898139	7114633.962596053	862.4557617075138	482611.9527810403	7114597.354769861	873.5581785898776	482580.2282283283	7114577.013250876	873.7637205071769	482547.89912459475	7114574.757107228	869.4097321666088	482495.0779665831	7114548.822676503	871.5676160461004	482469.8905825607	7114526.762048368	876.2689923550313	482414.28583424253	7114513.843098698	878.3108101657515	482376.7795392587	7114511.988983387	878.7385595551617	482362.7758953915	7114502.863237832	882.9749541442178	482329.8126411126	7114507.595628888	885.9583274042091	482306.795209918	7114530.197867099	879.7873245621029	482291.6228633562	7114552.438287158	873.9434362792605	

Img 2021_08_22.CR2	482825.4236690464	7114529.785093246	915.9207992278587	482796.0516425329	7114491.034152098	922.8926267605568	482759.79822743795	7114473.610851169	922.1796793489883	482726.2163257625	7114470.891218957	921.4397234703312	482680.6624884668	7114499.744574712	911.8229310540635	482653.0867592491	7114544.83362959	896.6839001748486	482645.77394076914	7114573.401567814	887.19149381884	482652.7568315738	7114596.823234689	880.9921150861924	482646.80968632957	7114608.382175662	876.442235519992	482600.09348973015	7114590.095801434	873.7588738420156	482562.48565579456	7114565.980725115	874.006146194052	482524.3360364074	7114548.39343042	874.3448722432355	482480.0120317114	7114524.633055229	877.515033055091	482445.8752219591	7114517.981759985	877.8551917554261	482408.2713603978	7114513.79180794	878.2659623497036	482386.5445685556	7114501.7844989095	883.6097093378307	482363.04345738207	7114498.367822605	885.0213373673247	482344.39352017717	7114493.940625966	886.347628454483	482318.56355461554	7114513.292037768	886.6115444118964	482268.7058432899	7114571.709622757	871.7754244224019	482273.360700581	7114577.047569419	866.2111613768577	

Img 2021_08_23.CR2	482830.56763271446	7114527.777703513	916.6189537483513	482796.22201348806	7114501.222064358	920.2852714887478	482753.2313298953	7114487.44607609	918.1002187381839	482742.85498975764	7114465.619897057	923.4346967709366	482712.7851962156	7114465.87445713	922.7198824700921	482674.8038136915	7114489.376885739	915.256542001576	482653.0274995016	7114530.971622346	901.0368351585821	482648.8773791243	7114549.07093105	894.8922380450952	482654.336570104	7114571.562056267	888.8879667737153	482644.64658769226	7114597.186072845	879.4709676590766	482608.9427974435	7114608.39957346	869.4981557109586	482588.61436596035	7114581.670530088	874.0892504719893	482557.8895834171	7114562.5101778675	874.2915333967352	482520.94339893607	7114546.19050428	874.6204298479227	482470.5022356054	7114534.022380238	874.1379244299184	482457.94928669534	7114507.403211378	882.4654979385987	482412.9037247305	7114509.7071902575	880.8008403071748	482375.10640936246	7114494.17030248	886.9201636450487	482352.42797316134	7114494.958992171	887.9746953631347	482316.2817954224	7114518.872065896	884.5719941311963	482286.0893587521	7114551.052531707	878.0906497676199	482282.48736746056	7114558.004726248	873.0491909825549	482264.03617646743	7114589.08867883	861.4576661391769	

Img 2021_08_24.CR2	482825.2293547212	7114512.114139177	920.1733657473785	482795.45732441987	7114479.303054258	925.5122135711392	482778.51377594395	7114455.246993437	929.5887929923488	482758.3257282452	7114444.445038961	930.5518484652332	482714.13420101913	7114444.787455494	929.2923707235988	482672.709129896	7114483.013477137	917.205150039984	482666.8459575785	7114511.737001248	907.8408673850097	482634.54344079696	7114551.971177751	892.3845716687874	482638.1168376086	7114579.2877754755	883.8561470883914	482620.6565799624	7114607.821115479	872.1400940025643	482572.96952940885	7114574.420065605	873.6256029852948	482552.63965750136	7114554.75779344	876.0026473017753	482524.7107028546	7114549.606659124	874.0254523315062	482485.5655582214	7114547.455421643	871.283429197196	482462.3593879556	7114526.872609825	875.7509873054998	482437.4403011305	7114516.206890041	878.1005373883397	482411.4550641611	7114513.654315647	878.3817603372441	482363.5397105672	7114509.600976999	879.9041231165149	482344.0226679478	7114493.860139332	885.8512119464481	482316.0051922142	7114513.144143242	886.1421413890688	482284.3996410515	7114553.62946009	875.8910272388689	482266.5220135545	7114580.701542465	866.228805702302	

